{"data":[{"colorbar":{"title":{"text":"Correlation Coefficient"}},"colorscale":[[0.0,"rgb(103,0,31)"],[0.1,"rgb(178,24,43)"],[0.2,"rgb(214,96,77)"],[0.3,"rgb(244,165,130)"],[0.4,"rgb(253,219,199)"],[0.5,"rgb(247,247,247)"],[0.6,"rgb(209,229,240)"],[0.7,"rgb(146,197,222)"],[0.8,"rgb(67,147,195)"],[0.9,"rgb(33,102,172)"],[1.0,"rgb(5,48,97)"]],"text":[["1.0","-0.02","-0.02","-0.01","0.01","0.01","0.01","-0.02","-0.0","0.01","0.94","0.01","-0.0","0.01","0.29","0.09"],["-0.02","1.0","-0.11","-0.41","0.06","0.06","0.06","-0.08","-0.03","0.09","-0.01","0.09","-0.03","0.08","-0.01","-0.01"],["-0.02","-0.11","1.0","0.16","-0.01","-0.01","-0.01","0.02","0.01","-0.02","-0.02","-0.02","0.01","-0.02","-0.0","0.01"],["-0.01","-0.41","0.16","1.0","-0.07","-0.07","-0.08","0.11","0.01","-0.11","-0.01","-0.11","0.01","-0.09","0.01","0.02"],["0.01","0.06","-0.01","-0.07","1.0","1.0","0.7","-0.53","-0.6","0.67","0.01","0.67","-0.6","0.71","0.0","0.02"],["0.01","0.06","-0.01","-0.07","1.0","1.0","0.71","-0.53","-0.6","0.67","0.01","0.67","-0.6","0.71","0.0","0.02"],["0.01","0.06","-0.01","-0.08","0.7","0.71","1.0","-0.56","-0.51","0.66","0.01","0.66","-0.51","0.67","-0.01","0.01"],["-0.02","-0.08","0.02","0.11","-0.53","-0.53","-0.56","1.0","0.35","-0.81","-0.01","-0.81","0.34","-0.74","-0.0","-0.02"],["-0.0","-0.03","0.01","0.01","-0.6","-0.6","-0.51","0.35","1.0","-0.6","0.0","-0.6","1.0","-0.77","-0.01","-0.01"],["0.01","0.09","-0.02","-0.11","0.67","0.67","0.66","-0.81","-0.6","1.0","0.0","1.0","-0.59","0.97","0.0","0.02"],["0.94","-0.01","-0.02","-0.01","0.01","0.01","0.01","-0.01","0.0","0.0","1.0","0.0","0.0","0.0","-0.02","0.09"],["0.01","0.09","-0.02","-0.11","0.67","0.67","0.66","-0.81","-0.6","1.0","0.0","1.0","-0.59","0.97","0.0","0.02"],["-0.0","-0.03","0.01","0.01","-0.6","-0.6","-0.51","0.34","1.0","-0.59","0.0","-0.59","1.0","-0.76","-0.01","-0.01"],["0.01","0.08","-0.02","-0.09","0.71","0.71","0.67","-0.74","-0.77","0.97","0.0","0.97","-0.76","1.0","0.0","0.02"],["0.29","-0.01","-0.0","0.01","0.0","0.0","-0.01","-0.0","-0.01","0.0","-0.02","0.0","-0.01","0.0","1.0","0.02"],["0.09","-0.01","0.01","0.02","0.02","0.02","0.01","-0.02","-0.01","0.02","0.09","0.02","-0.01","0.02","0.02","1.0"]],"x":["ID","Location Description","Arrest","Domestic","Beat","District","Ward","Community Area","X Coordinate","Y Coordinate","Year","Latitude","Longitude","Location","month","weekday"],"y":["ID","Location Description","Arrest","Domestic","Beat","District","Ward","Community Area","X Coordinate","Y Coordinate","Year","Latitude","Longitude","Location","month","weekday"],"z":[[1.0,-0.01873462684818787,-0.021810427510920175,-0.00866246186098814,0.008916179126014435,0.008877966003159909,0.010689060362540108,-0.015446565621482014,-0.0004688647682668072,0.006172550099993862,0.9398593706705374,0.006159353279651603,-0.00038155148708710377,0.005031681713951984,0.29006614823469046,0.0912864034458788],[-0.01873462684818787,1.0,-0.106905910806569,-0.412128333824456,0.06326204017718572,0.06330456147677564,0.0570072076920013,-0.08372862798082212,-0.03415043712849216,0.08664103646743025,-0.010896800625694758,0.08658081600994036,-0.033076022799107506,0.07884329781333103,-0.009774927389034006,-0.014664276355467463],[-0.021810427510920175,-0.106905910806569,1.0,0.15561194073156143,-0.007764645515404809,-0.007777172671791297,-0.005485401450318009,0.019834942061404418,0.006708721619351161,-0.021622471345817226,-0.016988951430066245,-0.02160111385020931,0.00642034991068998,-0.019134340973267928,-0.0004724523081248623,0.011193510752467323],[-0.00866246186098814,-0.412128333824456,0.15561194073156143,1.0,-0.06893715368561332,-0.06898653594682447,-0.07923482029537209,0.10543269193663515,0.007483305761382392,-0.11435774218860227,-0.006708614053889702,-0.11412669275420007,0.005732420723066087,-0.09284049934523424,0.009393458481259288,0.023054673295464467],[0.008916179126014435,0.06326204017718572,-0.007764645515404809,-0.06893715368561332,1.0,0.9999213214512553,0.7048842664518866,-0.5273407334289625,-0.600897537675062,0.6702825905357536,0.005797170741145445,0.6710813240899477,-0.5961558176222439,0.7105938642009728,0.0035314587061539694,0.01773685343538588],[0.008877966003159909,0.06330456147677564,-0.007777172671791297,-0.06898653594682447,0.9999213214512553,1.0,0.7063175327809247,-0.527705193084621,-0.6021438560189799,0.6714316585837066,0.0057750688102331405,0.6722326145321841,-0.5973957145249645,0.711876519459629,0.0034823157663086703,0.017857971940045687],[0.010689060362540108,0.0570072076920013,-0.005485401450318009,-0.07923482029537209,0.7048842664518866,0.7063175327809247,1.0,-0.5621110371898892,-0.5108912714833326,0.6552835268755505,0.010756497368040132,0.6557583864321914,-0.5055548209133406,0.6718272793143387,-0.00738901047151312,0.014138352157931106],[-0.015446565621482014,-0.08372862798082212,0.019834942061404418,0.10543269193663515,-0.5273407334289625,-0.527705193084621,-0.5621110371898892,1.0,0.34995882112413845,-0.8070255252104374,-0.012617899508677442,-0.8064668250298341,0.34102783574281303,-0.7440385476681075,-8.415703696881607e-05,-0.019701303748603703],[-0.0004688647682668072,-0.03415043712849216,0.006708721619351161,0.007483305761382392,-0.600897537675062,-0.6021438560189799,-0.5108912714833326,0.34995882112413845,1.0,-0.5978030917942416,0.001703758036195786,-0.6003409067451071,0.9999249920472196,-0.7723068080018022,-0.006706857651318462,-0.010917310249930093],[0.006172550099993862,0.08664103646743025,-0.021622471345817226,-0.11435774218860227,0.6702825905357536,0.6714316585837066,0.6552835268755505,-0.8070255252104374,-0.5978030917942416,1.0,0.00362812094777828,0.9999949548471088,-0.587983910526141,0.9709308331877935,0.0030244590125397598,0.016036025404626775],[0.9398593706705374,-0.010896800625694758,-0.016988951430066245,-0.006708614053889702,0.005797170741145445,0.0057750688102331405,0.010756497368040132,-0.012617899508677442,0.001703758036195786,0.00362812094777828,1.0,0.00361175738844037,0.0017662927125975537,0.0023678491511371705,-0.02352320595426879,0.0927364921284425],[0.006159353279651603,0.08658081600994036,-0.02160111385020931,-0.11412669275420007,0.6710813240899477,0.6722326145321841,0.6557583864321914,-0.8064668250298341,-0.6003409067451071,0.9999949548471088,0.00361175738844037,1.0,-0.5905444940708904,0.9716845725636368,0.0030452900936622403,0.016041551750118187],[-0.00038155148708710377,-0.033076022799107506,0.00642034991068998,0.005732420723066087,-0.5961558176222439,-0.5973957145249645,-0.5055548209133406,0.34102783574281303,0.9999249920472196,-0.587983910526141,0.0017662927125975537,-0.5905444940708904,1.0,-0.7645035915649091,-0.006707310287872308,-0.010764670637430668],[0.005031681713951984,0.07884329781333103,-0.019134340973267928,-0.09284049934523424,0.7105938642009728,0.711876519459629,0.6718272793143387,-0.7440385476681075,-0.7723068080018022,0.9709308331877935,0.0023678491511371705,0.9716845725636368,-0.7645035915649091,1.0,0.004396339932524191,0.015965441445486672],[0.29006614823469046,-0.009774927389034006,-0.0004724523081248623,0.009393458481259288,0.0035314587061539694,0.0034823157663086703,-0.00738901047151312,-8.415703696881607e-05,-0.006706857651318462,0.0030244590125397598,-0.02352320595426879,0.0030452900936622403,-0.006707310287872308,0.004396339932524191,1.0,0.02090597031500967],[0.0912864034458788,-0.014664276355467463,0.011193510752467323,0.023054673295464467,0.01773685343538588,0.017857971940045687,0.014138352157931106,-0.019701303748603703,-0.010917310249930093,0.016036025404626775,0.0927364921284425,0.016041551750118187,-0.010764670637430668,0.015965441445486672,0.02090597031500967,1.0]],"type":"heatmap"}],"layout":{"template":{"data":{"histogram2dcontour":[{"type":"histogram2dcontour","colorbar":{"outlinewidth":0,"ticks":""},"colorscale":[[0.0,"#0d0887"],[0.1111111111111111,"#46039f"],[0.2222222222222222,"#7201a8"],[0.3333333333333333,"#9c179e"],[0.4444444444444444,"#bd3786"],[0.5555555555555556,"#d8576b"],[0.6666666666666666,"#ed7953"],[0.7777777777777778,"#fb9f3a"],[0.8888888888888888,"#fdca26"],[1.0,"#f0f921"]]}],"choropleth":[{"type":"choropleth","colorbar":{"outlinewidth":0,"ticks":""}}],"histogram2d":[{"type":"histogram2d","colorbar":{"outlinewidth":0,"ticks":""},"colorscale":[[0.0,"#0d0887"],[0.1111111111111111,"#46039f"],[0.2222222222222222,"#7201a8"],[0.3333333333333333,"#9c179e"],[0.4444444444444444,"#bd3786"],[0.5555555555555556,"#d8576b"],[0.6666666666666666,"#ed7953"],[0.7777777777777778,"#fb9f3a"],[0.8888888888888888,"#fdca26"],[1.0,"#f0f921"]]}],"heatmap":[{"type":"heatmap","colorbar":{"outlinewidth":0,"ticks":""},"colorscale":[[0.0,"#0d0887"],[0.1111111111111111,"#46039f"],[0.2222222222222222,"#7201a8"],[0.3333333333333333,"#9c179e"],[0.4444444444444444,"#bd3786"],[0.5555555555555556,"#d8576b"],[0.6666666666666666,"#ed7953"],[0.7777777777777778,"#fb9f3a"],[0.8888888888888888,"#fdca26"],[1.0,"#f0f921"]]}],"heatmapgl":[{"type":"heatmapgl","colorbar":{"outlinewidth":0,"ticks":""},"colorscale":[[0.0,"#0d0887"],[0.1111111111111111,"#46039f"],[0.2222222222222222,"#7201a8"],[0.3333333333333333,"#9c179e"],[0.4444444444444444,"#bd3786"],[0.5555555555555556,"#d8576b"],[0.6666666666666666,"#ed7953"],[0.7777777777777778,"#fb9f3a"],[0.8888888888888888,"#fdca26"],[1.0,"#f0f921"]]}],"contourcarpet":[{"type":"contourcarpet","colorbar":{"outlinewidth":0,"ticks":""}}],"contour":[{"type":"contour","colorbar":{"outlinewidth":0,"ticks":""},"colorscale":[[0.0,"#0d0887"],[0.1111111111111111,"#46039f"],[0.2222222222222222,"#7201a8"],[0.3333333333333333,"#9c179e"],[0.4444444444444444,"#bd3786"],[0.5555555555555556,"#d8576b"],[0.6666666666666666,"#ed7953"],[0.7777777777777778,"#fb9f3a"],[0.8888888888888888,"#fdca26"],[1.0,"#f0f921"]]}],"surface":[{"type":"surface","colorbar":{"outlinewidth":0,"ticks":""},"colorscale":[[0.0,"#0d0887"],[0.1111111111111111,"#46039f"],[0.2222222222222222,"#7201a8"],[0.3333333333333333,"#9c179e"],[0.4444444444444444,"#bd3786"],[0.5555555555555556,"#d8576b"],[0.6666666666666666,"#ed7953"],[0.7777777777777778,"#fb9f3a"],[0.8888888888888888,"#fdca26"],[1.0,"#f0f921"]]}],"mesh3d":[{"type":"mesh3d","colorbar":{"outlinewidth":0,"ticks":""}}],"scatter":[{"fillpattern":{"fillmode":"overlay","size":10,"solidity":0.2},"type":"scatter"}],"parcoords":[{"type":"parcoords","line":{"colorbar":{"outlinewidth":0,"ticks":""}}}],"scatterpolargl":[{"type":"scatterpolargl","marker":{"colorbar":{"outlinewidth":0,"ticks":""}}}],"bar":[{"error_x":{"color":"#2a3f5f"},"error_y":{"color":"#2a3f5f"},"marker":{"line":{"color":"#E5ECF6","width":0.5},"pattern":{"fillmode":"overlay","size":10,"solidity":0.2}},"type":"bar"}],"scattergeo":[{"type":"scattergeo","marker":{"colorbar":{"outlinewidth":0,"ticks":""}}}],"scatterpolar":[{"type":"scatterpolar","marker":{"colorbar":{"outlinewidth":0,"ticks":""}}}],"histogram":[{"marker":{"pattern":{"fillmode":"overlay","size":10,"solidity":0.2}},"type":"histogram"}],"scattergl":[{"type":"scattergl","marker":{"colorbar":{"outlinewidth":0,"ticks":""}}}],"scatter3d":[{"type":"scatter3d","line":{"colorbar":{"outlinewidth":0,"ticks":""}},"marker":{"colorbar":{"outlinewidth":0,"ticks":""}}}],"scattermapbox":[{"type":"scattermapbox","marker":{"colorbar":{"outlinewidth":0,"ticks":""}}}],"scatterternary":[{"type":"scatterternary","marker":{"colorbar":{"outlinewidth":0,"ticks":""}}}],"scattercarpet":[{"type":"scattercarpet","marker":{"colorbar":{"outlinewidth":0,"ticks":""}}}],"carpet":[{"aaxis":{"endlinecolor":"#2a3f5f","gridcolor":"white","linecolor":"white","minorgridcolor":"white","startlinecolor":"#2a3f5f"},"baxis":{"endlinecolor":"#2a3f5f","gridcolor":"white","linecolor":"white","minorgridcolor":"white","startlinecolor":"#2a3f5f"},"type":"carpet"}],"table":[{"cells":{"fill":{"color":"#EBF0F8"},"line":{"color":"white"}},"header":{"fill":{"color":"#C8D4E3"},"line":{"color":"white"}},"type":"table"}],"barpolar":[{"marker":{"line":{"color":"#E5ECF6","width":0.5},"pattern":{"fillmode":"overlay","size":10,"solidity":0.2}},"type":"barpolar"}],"pie":[{"automargin":true,"type":"pie"}]},"layout":{"autotypenumbers":"strict","colorway":["#636efa","#EF553B","#00cc96","#ab63fa","#FFA15A","#19d3f3","#FF6692","#B6E880","#FF97FF","#FECB52"],"font":{"color":"#2a3f5f"},"hovermode":"closest","hoverlabel":{"align":"left"},"paper_bgcolor":"white","plot_bgcolor":"#E5ECF6","polar":{"bgcolor":"#E5ECF6","angularaxis":{"gridcolor":"white","linecolor":"white","ticks":""},"radialaxis":{"gridcolor":"white","linecolor":"white","ticks":""}},"ternary":{"bgcolor":"#E5ECF6","aaxis":{"gridcolor":"white","linecolor":"white","ticks":""},"baxis":{"gridcolor":"white","linecolor":"white","ticks":""},"caxis":{"gridcolor":"white","linecolor":"white","ticks":""}},"coloraxis":{"colorbar":{"outlinewidth":0,"ticks":""}},"colorscale":{"sequential":[[0.0,"#0d0887"],[0.1111111111111111,"#46039f"],[0.2222222222222222,"#7201a8"],[0.3333333333333333,"#9c179e"],[0.4444444444444444,"#bd3786"],[0.5555555555555556,"#d8576b"],[0.6666666666666666,"#ed7953"],[0.7777777777777778,"#fb9f3a"],[0.8888888888888888,"#fdca26"],[1.0,"#f0f921"]],"sequentialminus":[[0.0,"#0d0887"],[0.1111111111111111,"#46039f"],[0.2222222222222222,"#7201a8"],[0.3333333333333333,"#9c179e"],[0.4444444444444444,"#bd3786"],[0.5555555555555556,"#d8576b"],[0.6666666666666666,"#ed7953"],[0.7777777777777778,"#fb9f3a"],[0.8888888888888888,"#fdca26"],[1.0,"#f0f921"]],"diverging":[[0,"#8e0152"],[0.1,"#c51b7d"],[0.2,"#de77ae"],[0.3,"#f1b6da"],[0.4,"#fde0ef"],[0.5,"#f7f7f7"],[0.6,"#e6f5d0"],[0.7,"#b8e186"],[0.8,"#7fbc41"],[0.9,"#4d9221"],[1,"#276419"]]},"xaxis":{"gridcolor":"white","linecolor":"white","ticks":"","title":{"standoff":15},"zerolinecolor":"white","automargin":true,"zerolinewidth":2},"yaxis":{"gridcolor":"white","linecolor":"white","ticks":"","title":{"standoff":15},"zerolinecolor":"white","automargin":true,"zerolinewidth":2},"scene":{"xaxis":{"backgroundcolor":"#E5ECF6","gridcolor":"white","linecolor":"white","showbackground":true,"ticks":"","zerolinecolor":"white","gridwidth":2},"yaxis":{"backgroundcolor":"#E5ECF6","gridcolor":"white","linecolor":"white","showbackground":true,"ticks":"","zerolinecolor":"white","gridwidth":2},"zaxis":{"backgroundcolor":"#E5ECF6","gridcolor":"white","linecolor":"white","showbackground":true,"ticks":"","zerolinecolor":"white","gridwidth":2}},"shapedefaults":{"line":{"color":"#2a3f5f"}},"annotationdefaults":{"arrowcolor":"#2a3f5f","arrowhead":0,"arrowwidth":1},"geo":{"bgcolor":"white","landcolor":"#E5ECF6","subunitcolor":"white","showland":true,"showlakes":true,"lakecolor":"white"},"title":{"x":0.05},"mapbox":{"style":"light"}}},"height":600}}